845772.043     997260.491     889.781
845773.227     997269.073     888.446
845780.873     997272.923     887.014
845797.548     997269.441     886.283
845811.071     997268.255     885.836
845828.537     997266.637     884.617
845838.825     997265.270     884.249
845847.261     997265.012     883.201
845854.438     997265.577     882.700
845860.630     997266.744     881.877
845865.918     997267.663     881.546
845882.092     997267.294     881.696
845894.436     997267.203     882.716
845904.672     997268.324     883.165
845914.926     997262.511     884.357
845902.859     997252.755     885.565
845889.817     997243.764     886.469
845878.966     997237.178     887.357
845866.316     997225.800     888.626
845861.881     997219.592     889.142
845867.716     997215.305     890.661
845881.216     997223.573     890.619
845896.319     997233.083     889.481
845910.504     997241.461     888.727
845925.866     997247.527     888.396
845920.664     997257.582     886.037
845901.791     997255.645     885.127
845885.147     997254.669     884.334
845863.925     997253.070     883.453
845857.266     997253.110     884.131
845840.808     997251.853     885.407
845836.884     997251.934     886.154
845818.804     997248.819     886.902
845803.342     997249.425     887.658
845781.350     997241.530     890.848
845788.577     997229.201     891.912
845799.998     997230.807     890.762
845813.378     997232.416     888.975
845830.683     997234.943     887.878
845837.448     997236.103     887.583
845845.013     997236.843     886.765
845850.230     997236.965     887.006
845860.191     997235.690     886.416
845874.264     997236.576     887.304
845925.935     997238.948     889.980
845921.094     997223.895     892.418
845900.609     997222.833     891.600
845884.709     997221.589     891.054
845861.239     997215.888     890.495
845860.241     997214.498     890.549
845866.981     997210.809     891.151
845862.236     997191.068     892.297
845860.490     997185.933     892.710
845854.245     997182.431     892.578
845849.597     997184.630     892.469
845833.260     997202.170     891.446
845831.595     997208.206     891.179
845832.149     997210.894     890.894
845833.844     997214.252     890.074
845840.398     997218.568     889.550
845846.884     997222.528     888.846
845853.279     997222.750     888.883
845858.953     997221.586     888.767
845855.845     997213.547     889.497
845850.452     997213.969     889.446
845841.938     997211.793     889.859
845834.854     997208.027     890.268
845835.266     997204.367     890.383
845842.801     997196.504     890.761
845849.878     997194.952     890.578
845858.870     997197.566     890.800
845862.142     997203.991     890.187
845863.364     997209.690     889.990
845857.648     997212.954     889.539
845855.461     997215.775     890.471
845856.585     997217.899     890.274
845849.499     997216.322     890.682
845849.297     997218.325     890.417
845839.964     997212.079     890.653
845839.092     997214.601     890.364
845851.062     997190.310     892.241
845830.451     997222.421     889.241
845812.959     997213.615     892.015
845798.784     997209.715     893.620
845796.444     997208.045     894.446
845784.954     997203.230     896.074
845781.609     997201.758     897.307
845776.080     997199.009     897.236
845784.280     997183.991     898.507
845789.832     997191.982     897.269
845863.653     997195.957     892.337
845873.423     997193.769     893.954
845871.397     997186.262     895.013
845870.159     997177.251     895.522
845868.222     997177.446     895.084
845868.710     997185.321     894.201
845870.387     997189.357     894.085
845875.028     997188.051     895.499
845879.844     997181.871     896.242
845877.158     997184.493     896.016
845878.488     997182.098     896.091
845874.798     997183.164     895.907
845876.160     997181.051     896.121
845878.514     997188.232     895.593
845894.361     997188.709     896.356
845911.666     997187.962     897.158
845914.427     997199.725     895.763
845900.630     997201.257     895.122
845878.825     997201.878     893.896
845878.749     997210.544     892.560
845890.676     997212.721     892.806
845904.318     997213.433     893.458
845916.549     997215.077     893.841
845873.741     997158.822     898.281
845792.400     997024.919     909.220
845794.319     997048.238     908.017
845796.433     997071.612     906.522
845802.904     997087.295     904.408
845800.821     997132.695     902.310
845823.340     997166.787     896.689
845792.835     997179.271     899.188
845915.706   997176.252   898.319
845913.126   997176.827   898.293
845909.226   997158.207   899.882
845911.132   997156.923   900.095
845878.518   997024.625   910.015
845880.601   997023.932   910.147
845865.286   997002.230   910.864
845863.786   997004.424   910.911
845841.969   996990.832   910.953
845843.028   996987.946   911.129
845816.390   996980.999   911.155
845816.125   996984.534   911.134
845786.058   996980.681   911.320
845785.050   996975.570   911.550
845778.534   996982.596   911.136
845784.567   997014.769   909.487
845792.694   997040.418   908.360
845787.038   997041.098   908.177
845790.483   997081.962   905.824
845796.185   997081.817   905.926
845793.651   997151.952   900.883
845799.745   997152.770   901.161
845789.076   997186.722   898.693
845784.223   997184.637   898.516
845776.185   997210.424   896.707
845771.663   997207.141   896.765
845798.408   997107.394   904.161
845792.527   997107.022   904.076
845789.454   997004.994   910.160
845793.032   996987.843   910.131
845793.421   997002.164   908.850
845822.234   996998.946   909.561
845838.980   996994.804   910.520
845864.765   997008.537   911.129
845862.329   997010.378   910.692
845853.451   997015.771   909.138
845812.060   997028.720   906.412
845795.003   997034.434   907.838
845797.508   997058.947   906.737
845827.150   997056.452   903.776
845850.174   997049.441   906.237
845875.072   997036.446   909.060
845881.286   997059.560   907.775
845861.657   997059.119   906.546
845842.536   997061.124   904.653
845814.143   997062.647   904.276
845799.452   997061.147   906.159
845804.141   997087.972   904.219
845831.158   997080.751   901.880
845851.219   997076.454   904.453
845873.398   997071.961   906.422
845885.866   997069.860   907.315
845889.961   997097.153   905.328
845868.697   997099.462   903.685
845846.427   997103.336   901.096
845834.710   997105.502   899.507
845814.729   997108.102   901.475
845802.251   997109.440   903.106
845804.384   997139.868   900.738
845804.376   997139.839   900.735
845822.096   997131.155   899.097
845836.741   997123.484   897.934
845851.024   997116.041   900.304
845869.225   997107.325   903.030
845892.087   997099.479   905.382
845895.706   997121.553   903.579
845872.991   997128.907   901.212
845856.627   997133.372   898.918
845844.041   997135.844   896.763
845829.660   997141.601   897.786
845827.827   997141.754   898.395
845822.409   997137.645   899.227
845827.458   997136.292   898.348
845801.940   997150.977   900.606
845798.016   997182.015   897.485
845805.492   997196.658   895.071
845808.227   997185.516   896.496
845812.049   997185.919   895.553
845818.610   997175.707   896.003
845816.433   997173.192   897.089
845810.251   997168.409   897.978
845817.121   997155.892   898.582
845826.468   997156.816   897.579
845845.170   997156.751   895.167
845862.732   997151.502   897.486
845881.392   997145.002   900.358
845898.346   997139.061   901.744
845905.586   997160.640   899.776
845884.812   997165.127   898.407
845869.732   997168.724   896.661
845851.463   997171.776   893.557
845834.033   997177.631   893.993
845826.043   997196.961   892.839
845851.351   997180.604   893.117
845855.988   997178.678   893.279
845871.015   997170.996   896.897
845890.967   997163.419   899.322
845905.209   997159.408   900.147
845910.339   997181.376   898.266
845893.038   997182.770   897.216
845879.579   997182.793   896.454
845839.574   997027.355   907.347
845851.496   997205.640   889.889
845841.791   997202.996   890.336
845832.229   997112.799   898.904
845817.179   997114.375   900.739
845807.085   997122.843   901.516
845793.582   997123.314   902.787
845813.100   997092.456   902.590
845832.745   997092.566   900.946
845849.789   997088.195   903.109
845872.938   997082.937   905.996
845888.494   997079.828   906.898
845861.037   997028.022   909.045
845841.688   997036.831   906.794
845816.553   997040.515   905.962
845806.751   997010.754   908.216
845830.581   997012.274   908.737
845852.229   997001.369   911.125
845780.022   997264.467   888.681
845794.188   997262.520   887.426
845806.346   997262.163   886.876